1 149.15
0 0
3 142.44
0 0
5 141.92
0 0
7 147.3
0 0
9 148.27
0 0
11 152.62
0 0
13 158.86
0 0
15 162.05
0 0
17 162.17
0 0
19 155.14
0 0
21 144.78
0 0
23 133.78
0 0
25 123.37
0 0
27 113.76
0 0
29 105.21
0 0
31 97.435
0 0
33 90.588
0 0
35 84.656
0 0
37 79.404
0 0
39 74.306
0 0
41 69.777
0 0
43 65.661
0 0
45 61.885
0 0
47 58.466
0 0
49 55.315
0 0
51 52.484
0 0
53 49.822
0 0
55 47.475
0 0
57 45.262
0 0
59 43.206
0 0
61 41.302
0 0
63 39.548
0 0
65 37.917
0 0
67 36.355
0 0
69 34.916
0 0
71 33.57
0 0
73 32.312
0 0
75 31.12
0 0
77 30.019
0 0
79 28.979
0 0
81 28.007
0 0
83 27.08
0 0
85 26.207
0 0
87 25.391
0 0
89 24.695
0 0
91 23.954
0 0
93 23.31
0 0
95 22.61
0 0
97 21.941
0 0
99 21.31
0 0
101 20.747
0 0
103 20.167
0 0
105 19.621
0 0
107 19.101
0 0
109 18.605
0 0
111 18.113
0 0
113 17.652
0 0
115 17.194
0 0
117 16.774
0 0
119 16.36
0 0
121 15.965
0 0
123 15.638
0 0
125 15.312
0 0
127 14.963
0 0
129 14.637
0 0
131 14.31
0 0
133 13.993
0 0
135 13.695
0 0
137 13.403
0 0
139 13.127
0 0
141 12.843
0 0
143 12.597
0 0
145 12.338
0 0
147 12.085
0 0
149 11.836
