1 2265.3
0 0
3 2379.1
0 0
5 2442.2
0 0
7 2296.5
0 0
9 2106.5
0 0
11 1910.9
0 0
13 1702.8
0 0
15 1495.2
0 0
17 1320.9
0 0
19 1177
0 0
21 1055.1
0 0
23 952.47
0 0
25 867.45
0 0
27 793.74
0 0
29 730.27
0 0
31 674.84
0 0
33 626.14
0 0
35 582.8
0 0
37 544.8
0 0
39 510.81
0 0
41 480.52
0 0
43 453.16
0 0
45 428.04
0 0
47 405.42
0 0
49 384.85
0 0
51 366.12
0 0
53 348.72
0 0
55 332.74
0 0
57 317.97
0 0
59 304.33
0 0
61 291.66
0 0
63 279.9
0 0
65 268.9
0 0
67 258.62
0 0
69 249.05
0 0
71 239.99
0 0
73 231.58
0 0
75 223.69
0 0
77 216.23
0 0
79 209.08
0 0
81 202.39
0 0
83 196.05
0 0
85 190.03
0 0
87 184.32
0 0
89 178.88
0 0
91 173.7
0 0
93 168.75
0 0
95 164.04
0 0
97 159.55
0 0
99 155.27
