6.8158e+05 3.2105e-10
0 0
2.0448e+06 3.0661e-10
0 0
3.4079e+06 3.0549e-10
0 0
4.7711e+06 3.1707e-10
0 0
6.1343e+06 3.1916e-10
0 0
7.4974e+06 3.2854e-10
0 0
8.8606e+06 3.4196e-10
0 0
1.0224e+07 3.4884e-10
0 0
1.1587e+07 3.4909e-10
0 0
1.295e+07 3.3396e-10
0 0
1.4313e+07 3.1165e-10
0 0
1.5676e+07 2.8797e-10
0 0
1.704e+07 2.6557e-10
0 0
1.8403e+07 2.4487e-10
0 0
1.9766e+07 2.2646e-10
0 0
2.1129e+07 2.0974e-10
0 0
2.2492e+07 1.95e-10
0 0
2.3855e+07 1.8223e-10
0 0
2.5219e+07 1.7092e-10
0 0
2.6582e+07 1.5995e-10
0 0
2.7945e+07 1.502e-10
0 0
2.9308e+07 1.4134e-10
0 0
3.0671e+07 1.3321e-10
0 0
3.2034e+07 1.2585e-10
0 0
3.3398e+07 1.1907e-10
0 0
3.4761e+07 1.1298e-10
0 0
3.6124e+07 1.0725e-10
0 0
3.7487e+07 1.0219e-10
0 0
3.885e+07 9.743e-11
0 0
4.0213e+07 9.3004e-11
0 0
4.1577e+07 8.8906e-11
0 0
4.294e+07 8.5131e-11
0 0
4.4303e+07 8.1619e-11
0 0
4.5666e+07 7.8258e-11
0 0
4.7029e+07 7.5159e-11
0 0
4.8392e+07 7.2262e-11
0 0
4.9756e+07 6.9553e-11
0 0
5.1119e+07 6.6988e-11
0 0
5.2482e+07 6.462e-11
0 0
5.3845e+07 6.238e-11
0 0
5.5208e+07 6.0287e-11
0 0
5.6571e+07 5.8293e-11
0 0
5.7935e+07 5.6413e-11
0 0
5.9298e+07 5.4657e-11
0 0
6.0661e+07 5.3157e-11
0 0
6.2024e+07 5.1563e-11
0 0
6.3387e+07 5.0178e-11
0 0
6.475e+07 4.8671e-11
0 0
6.6114e+07 4.7229e-11
0 0
6.7477e+07 4.5871e-11
0 0
6.884e+07 4.4659e-11
0 0
7.0203e+07 4.3411e-11
0 0
7.1566e+07 4.2236e-11
0 0
7.2929e+07 4.1117e-11
0 0
7.4293e+07 4.0048e-11
0 0
7.5656e+07 3.8991e-11
0 0
7.7019e+07 3.7997e-11
0 0
7.8382e+07 3.7011e-11
0 0
7.9745e+07 3.6107e-11
0 0
8.1108e+07 3.5217e-11
0 0
8.2472e+07 3.4365e-11
0 0
8.3835e+07 3.3662e-11
0 0
8.5198e+07 3.296e-11
0 0
8.6561e+07 3.2209e-11
0 0
8.7924e+07 3.1507e-11
0 0
8.9288e+07 3.0803e-11
0 0
9.0651e+07 3.0121e-11
0 0
9.2014e+07 2.9479e-11
0 0
9.3377e+07 2.885e-11
0 0
9.474e+07 2.8257e-11
0 0
9.6103e+07 2.7645e-11
0 0
9.7467e+07 2.7117e-11
0 0
9.883e+07 2.6558e-11
0 0
1.0019e+08 2.6013e-11
0 0
1.0156e+08 2.5478e-11
