6.8158e+05 2265.3
0 0
2.0448e+06 2379.1
0 0
3.4079e+06 2442.2
0 0
4.7711e+06 2296.5
0 0
6.1343e+06 2106.5
0 0
7.4974e+06 1910.9
0 0
8.8606e+06 1702.8
0 0
1.0224e+07 1495.2
0 0
1.1587e+07 1320.9
0 0
1.295e+07 1177
0 0
1.4313e+07 1055.1
0 0
1.5676e+07 952.47
0 0
1.704e+07 867.45
0 0
1.8403e+07 793.74
0 0
1.9766e+07 730.27
0 0
2.1129e+07 674.84
0 0
2.2492e+07 626.14
0 0
2.3855e+07 582.8
0 0
2.5219e+07 544.8
0 0
2.6582e+07 510.81
0 0
2.7945e+07 480.52
0 0
2.9308e+07 453.16
0 0
3.0671e+07 428.04
0 0
3.2034e+07 405.42
0 0
3.3398e+07 384.85
0 0
3.4761e+07 366.12
0 0
3.6124e+07 348.72
0 0
3.7487e+07 332.74
0 0
3.885e+07 317.97
0 0
4.0213e+07 304.33
0 0
4.1577e+07 291.66
0 0
4.294e+07 279.9
0 0
4.4303e+07 268.9
0 0
4.5666e+07 258.62
0 0
4.7029e+07 249.05
0 0
4.8392e+07 239.99
0 0
4.9756e+07 231.58
0 0
5.1119e+07 223.69
0 0
5.2482e+07 216.23
0 0
5.3845e+07 209.08
0 0
5.5208e+07 202.39
0 0
5.6571e+07 196.05
0 0
5.7935e+07 190.03
0 0
5.9298e+07 184.32
0 0
6.0661e+07 178.88
0 0
6.2024e+07 173.7
0 0
6.3387e+07 168.75
0 0
6.475e+07 164.04
0 0
6.6114e+07 159.55
0 0
6.7477e+07 155.27
